정 답 가 안
 
 
󰋫 
과목명 : 민사법 
 
문번
 
정답
 
문번
 
정답
 
문번
 
정답
 
문번
 
정답
 
문번
 
정답
 
문번
 
정답
 
문번
 
정답
 
1
 
3
 
11
 
4
 
21
 
5
 
31
 
1
 
41
 
3
 
51
 
3
 
61
 
4
 
2
 
5
 
12
 
5
 
22
 
1
 
32
 
5
 
42
 
1
 
52
 
2
 
62
 
2
 
3
 
2
 
13
 
4
 
23
 
1
 
33
 
2
 
43
 
4
 
53
 
3
 
63
 
1
 
4
 
5
 
14
 
2
 
24
 
3
 
34
 
3
 
44
 
3
 
54
 
5
 
64
 
3
 
5
 
4
 
15
 
4
 
25
 
5
 
35
 
1
 
45
 
4
 
55
 
4
 
65
 
5
 
6
 
2
 
16
 
3
 
26
 
1
 
36
 
1
 
46
 
1
 
56
 
3
 
66
 
5
 
7
 
4
 
17
 
4
 
27
 
3
 
37
 
4
 
47
 
4
 
57
 
2
 
67
 
3
 
8
 
1
 
18
 
3
 
28
 
4
 
38
 
5
 
48
 
3
 
58
 
5
 
68
 
4
 
9
 
2
 
19
 
1
 
29
 
2
 
39
 
5
 
49
 
5
 
59
 
1
 
69
 
1
 
10
 
1
 
20
 
5
 
30
 
2
 
40
 
2
 
50
 
5
 
60
 
2
 
70
 
2