제1회 변호사시험 선택형 최종정답
 
과목명 : 공법 책형 : 1
 
 
문번
 
정답
 
문번
 
정답
 
문번
 
정답
 
문번
 
정답
 
1
 
3
 
11
 
3
 
21
 
2
 
31
 
3
 
2
 
5
 
12
 
2
 
22
 
5
 
32
 
4
 
3
 
1
 
13
 
3
 
23
 
4
 
33
 
2
 
4
 
3
 
14
 
2
 
24
 
1
 
34
 
1
 
5
 
5
 
15
 
1
 
25
 
4
 
35
 
2
 
6
 
2
 
16
 
2
 
26
 
5
 
36
 
1
 
7
 
2
 
17
 
4
 
27
 
2
 
37
 
5
 
8
 
2
 
18
 
3
 
28
 
4
 
38
 
5
 
9
 
4
 
19
 
1
 
29
 
1
 
39
 
3
 
10
 
3
 
20
 
4
 
30
 
4
 
40
 
4
 
제1회 변호사시험 선택형 최종정답
 
과목명 : 공법 책형 : 3
 
 
문번
 
정답
 
문번
 
정답
 
문번
 
정답
 
문번
 
정답
 
1
 
3
 
11
 
2
 
21
 
2
 
31
 
2
 
2
 
5
 
12
 
2
 
22
 
5
 
32
 
1
 
3
 
1
 
13
 
4
 
23
 
2
 
33
 
1
 
4
 
2
 
14
 
3
 
24
 
4
 
34
 
4
 
5
 
4
 
15
 
2
 
25
 
5
 
35
 
3
 
6
 
3
 
16
 
3
 
26
 
4
 
36
 
4
 
7
 
3
 
17
 
2
 
27
 
1
 
37
 
5
 
8
 
3
 
18
 
1
 
28
 
4
 
38
 
5
 
9
 
5
 
19
 
1
 
29
 
2
 
39
 
3
 
10
 
2
 
20
 
4
 
30
 
1
 
40
 
4
 
제1회 변호사시험 선택형 최종정답
 
과목명 : 민사법 책형 : 1
 
 
문번
 
정답
 
문번
 
정답
 
문번
 
정답
 
문번
 
정답
 
문번
 
정답
 
문번
 
정답
 
문번
 
정답
 
1
 
3
 
11
 
5
 
21
 
2
 
31
 
5
 
41
 
5
 
51
 
5
 
61
 
4
 
2
 
5
 
12
 
3
 
22
 
2
 
32
 
4
 
42
 
3
 
52
 
4
 
62
 
1
 
3
 
2
 
13
 
2
 
23
 
3
 
33
 
5
 
43
 
5
 
53
 
5
 
63
 
1
 
4
 
4
 
14
 
4
 
24
 
2
 
34
 
2
 
44
 
1
 
54
 
5
 
64
 
4
 
5
 
4
 
15
 
5
 
25
 
5
 
35
 
4
 
45
 
3
 
55
 
1
 
65
 
4
 
6
 
1
 
16
 
4
 
26
 
2
 
36
 
4
 
46
 
2
 
56
 
3
 
66
 
3
 
7
 
3
 
17
 
3
 
27
 
2
 
37
 
3
 
47
 
3
 
57
 
4
 
67
 
3
 
8
 
3
 
18
 
5
 
28
 
4
 
38
 
5
 
48
 
4
 
58
 
4
 
68
 
2
 
9
 
2
 
19
 
3
 
29
 
2
 
39
 
1
 
49
 
4
 
59
 
5
 
69
 
1
 
10
 
3
 
20
 
4
 
30
 
4
 
40
 
2
 
50
 
2
 
60
 
4
 
70
 
2
 
제1회 변호사시험 선택형 최종정답
 
과목명 : 민사법 책형 : 3
 
 
문번
 
정답
 
문번
 
정답
 
문번
 
정답
 
문번
 
정답
 
문번
 
정답
 
문번
 
정답
 
문번
 
정답
 
1
 
3
 
11
 
3
 
21
 
4
 
31
 
5
 
41
 
3
 
51
 
5
 
61
 
4
 
2
 
5
 
12
 
3
 
22
 
3
 
32
 
4
 
42
 
2
 
52
 
4
 
62
 
4
 
3
 
2
 
13
 
2
 
23
 
2
 
33
 
5
 
43
 
3
 
53
 
5
 
63
 
3
 
4
 
4
 
14
 
5
 
24
 
4
 
34
 
2
 
44
 
4
 
54
 
5
 
64
 
3
 
5
 
4
 
15
 
3
 
25
 
2
 
35
 
4
 
45
 
4
 
55
 
1
 
65
 
2
 
6
 
3
 
16
 
4
 
26
 
4
 
36
 
4
 
46
 
5
 
56
 
3
 
66
 
1
 
7
 
5
 
17
 
2
 
27
 
3
 
37
 
3
 
47
 
3
 
57
 
4
 
67
 
1
 
8
 
3
 
18
 
2
 
28
 
2
 
38
 
5
 
48
 
5
 
58
 
4
 
68
 
4
 
9
 
2
 
19
 
4
 
29
 
5
 
39
 
1
 
49
 
1
 
59
 
5
 
69
 
1
 
10
 
1
 
20
 
5
 
30
 
2
 
40
 
2
 
50
 
2
 
60
 
4
 
70
 
2
 
제1회 변호사시험 선택형 최종정답
 
과목명 : 형사법 책형 : 1
 
 
문번
 
정답
 
문번
 
정답
 
문번
 
정답
 
문번
 
정답
 
1
 
4
 
11
 
4
 
21
 
4
 
31
 
5
 
2
 
2
 
12
 
3
 
22
 
5
 
32
 
3
 
3
 
1
 
13
 
4
 
23
 
2
 
33
 
3
 
4
 
3
 
14
 
5
 
24
 
3
 
34
 
2
 
5
 
1
 
15
 
4
 
25
 
3
 
35
 
4
 
6
 
2
 
16
 
3
 
26
 
4
 
36
 
2
 
7
 
4
 
17
 
4
 
27
 
1
 
37
 
4
 
8
 
5
 
18
 
5
 
28
 
2
 
38
 
3
 
9
 
4
 
19
 
5
 
29
 
1
 
39
 
4
 
10
 
2
 
20
 
5
 
30
 
1
 
40
 
4
 
제1회 변호사시험 선택형 최종정답
 
과목명 : 형사법 책형 : 3
 
 
문번
 
정답
 
문번
 
정답
 
문번
 
정답
 
문번
 
정답
 
1
 
4
 
11
 
2
 
21
 
4
 
31
 
4
 
2
 
2
 
12
 
4
 
22
 
5
 
32
 
2
 
3
 
1
 
13
 
3
 
23
 
1
 
33
 
4
 
4
 
3
 
14
 
4
 
24
 
2
 
34
 
5
 
5
 
5
 
15
 
1
 
25
 
1
 
35
 
3
 
6
 
4
 
16
 
2
 
26
 
1
 
36
 
3
 
7
 
3
 
17
 
4
 
27
 
2
 
37
 
2
 
8
 
4
 
18
 
5
 
28
 
3
 
38
 
3
 
9
 
5
 
19
 
5
 
29
 
3
 
39
 
4
 
10
 
4
 
20
 
5
 
30
 
4
 
40
 
4