제5회 변호사시험 선택형 최종정답
 
과목명 : 공법 책형 : 1
 
 
문번
 
정답
 
문번
 
정답
 
문번
 
정답
 
문번
 
정답
 
1
 
5
 
11
 
4
 
21
 
4
 
31
 
3
 
2
 
1
 
12
 
3
 
22
 
3
 
32
 
5
 
3
 
5
 
13
 
4
 
23
 
2
 
33
 
3
 
4
 
5
 
14
 
1
 
24
 
2
 
34
 
4
 
5
 
2
 
15
 
4
 
25
 
1
 
35
 
3
 
6
 
3
 
16
 
3
 
26
 
2
 
36
 
5
 
7
 
2
 
17
 
2
 
27
 
1
 
37
 
5
 
8
 
4
 
18
 
1
 
28
 
1
 
38
 
5
 
9
 
4
 
19
 
2
 
29
 
5
 
39
 
4
 
10
 
5
 
20
 
1
 
30
 
4
 
40
 
3
 
제5회 변호사시험 선택형 최종정답
 
과목명 : 공법 책형 : 3
 
 
문번
 
정답
 
문번
 
정답
 
문번
 
정답
 
문번
 
정답
 
1
 
5
 
11
 
4
 
21
 
4
 
31
 
3
 
2
 
1
 
12
 
3
 
22
 
3
 
32
 
5
 
3
 
5
 
13
 
2
 
23
 
1
 
33
 
5
 
4
 
4
 
14
 
1
 
24
 
1
 
34
 
5
 
5
 
4
 
15
 
4
 
25
 
5
 
35
 
3
 
6
 
5
 
16
 
3
 
26
 
4
 
36
 
5
 
7
 
5
 
17
 
4
 
27
 
2
 
37
 
3
 
8
 
2
 
18
 
1
 
28
 
2
 
38
 
4
 
9
 
3
 
19
 
2
 
29
 
1
 
39
 
4
 
10
 
2
 
20
 
1
 
30
 
2
 
40
 
3
 
제5회 변호사시험 선택형 최종정답
 
과목명 : 민사법 책형 : 1
 
 
문번
 
정답
 
문번
 
정답
 
문번
 
정답
 
문번
 
정답
 
문번
 
정답
 
문번
 
정답
 
문번
 
정답
 
1
 
4
 
11
 
2
 
21
 
4
 
31
 
2
 
41
 
1
 
51
 
3
 
61
 
3
 
2
 
3
 
12
 
1
 
22
 
3
 
32
 
5
 
42
 
5
 
52
 
4
 
62
 
2
 
3
 
5
 
13
 
3
 
23
 
5
 
33
 
2
 
43
 
4
 
53
 
1
 
63
 
2
 
4
 
3
 
14
 
5
 
24
 
4
 
34
 
5
 
44
 
1
 
54
 
5
 
64
 
3
 
5
 
4
 
15
 
5
 
25
 
5
 
35
 
5
 
45
 
3
 
55
 
2
 
65
 
3
 
6
 
3
 
16
 
3
 
26
 
3
 
36
 
5
 
46
 
3
 
56
 
5
 
66
 
3
 
7
 
3
 
17
 
3
 
27
 
1
 
37
 
3
 
47
 
5
 
57
 
4
 
67
 
1
 
8
 
1
 
18
 
2
 
28
 
4
 
38
 
4
 
48
 
1
 
58
 
4
 
68
 
2
 
9
 
3
 
19
 
5
 
29
 
5
 
39
 
2
 
49
 
5
 
59
 
3
 
69
 
1
 
10
 
5
 
20
 
4
 
30
 
3
 
40
 
4
 
50
 
2
 
60
 
5
 
70
 
4
 
제5회 변호사시험 선택형 최종정답
 
과목명 : 민사법 책형 : 3
 
 
문번
 
정답
 
문번
 
정답
 
문번
 
정답
 
문번
 
정답
 
문번
 
정답
 
문번
 
정답
 
문번
 
정답
 
1
 
4
 
11
 
3
 
21
 
5
 
31
 
5
 
41
 
3
 
51
 
5
 
61
 
3
 
2
 
3
 
12
 
3
 
22
 
3
 
32
 
4
 
42
 
5
 
52
 
4
 
62
 
3
 
3
 
5
 
13
 
2
 
23
 
1
 
33
 
2
 
43
 
1
 
53
 
1
 
63
 
1
 
4
 
1
 
14
 
5
 
24
 
4
 
34
 
5
 
44
 
5
 
54
 
5
 
64
 
2
 
5
 
3
 
15
 
4
 
25
 
5
 
35
 
5
 
45
 
2
 
55
 
2
 
65
 
1
 
6
 
5
 
16
 
1
 
26
 
3
 
36
 
5
 
46
 
3
 
56
 
5
 
66
 
4
 
7
 
2
 
17
 
3
 
27
 
2
 
37
 
3
 
47
 
4
 
57
 
3
 
67
 
4
 
8
 
3
 
18
 
5
 
28
 
5
 
38
 
4
 
48
 
2
 
58
 
2
 
68
 
3
 
9
 
4
 
19
 
5
 
29
 
4
 
39
 
1
 
49
 
4
 
59
 
2
 
69
 
5
 
10
 
3
 
20
 
3
 
30
 
3
 
40
 
3
 
50
 
1
 
60
 
3
 
70
 
4
 
제5회 변호사시험 선택형 최종정답
 
과목명 : 형사법 책형 : 1
 
 
문번
 
정답
 
문번
 
정답
 
문번
 
정답
 
문번
 
정답
 
1
 
5
 
11
 
5
 
21
 
1
 
31
 
2
 
2
 
3
 
12
 
2
 
22
 
1
 
32
 
3
 
3
 
2
 
13
 
4
 
23
 
5
 
33
 
5
 
4
 
1
 
14
 
1
 
24
 
5
 
34
 
4
 
5
 
4
 
15
 
2
 
25
 
3
 
35
 
3
 
6
 
3
 
16
 
3
 
26
 
1
 
36
 
4
 
7
 
4
 
17
 
3
 
27
 
3
 
37
 
1
 
8
 
4
 
18
 
5
 
28
 
4
 
38
 
2
 
9
 
2
 
19
 
1
 
29
 
5
 
39
 
2
 
10
 
5
 
20
 
3
 
30
 
1
 
40
 
4
 
제5회 변호사시험 선택형 최종정답
 
과목명 : 형사법 책형 : 3
 
 
문번
 
정답
 
문번
 
정답
 
문번
 
정답
 
문번
 
정답
 
1
 
5
 
11
 
4
 
21
 
1
 
31
 
3
 
2
 
3
 
12
 
3
 
22
 
1
 
32
 
4
 
3
 
2
 
13
 
3
 
23
 
3
 
33
 
1
 
4
 
1
 
14
 
5
 
24
 
4
 
34
 
2
 
5
 
2
 
15
 
2
 
25
 
5
 
35
 
2
 
6
 
5
 
16
 
4
 
26
 
1
 
36
 
3
 
7
 
5
 
17
 
1
 
27
 
5
 
37
 
5
 
8
 
4
 
18
 
2
 
28
 
5
 
38
 
4
 
9
 
3
 
19
 
1
 
29
 
3
 
39
 
2
 
10
 
4
 
20
 
3
 
30
 
1
 
40
 
4