정 답 가 안
 
 
󰋫 
과목명 : 민사법 
 
문번
 
정답
 
문번
 
정답
 
문번
 
정답
 
문번
 
정답
 
문번
 
정답
 
문번
 
정답
 
문번
 
정답
 
1
 
4
 
11
 
4
 
21
 
5
 
31
 
3
 
41
 
4
 
51
 
1
 
61
 
4
 
2
 
3
 
12
 
3
 
22
 
3
 
32
 
5
 
42
 
1
 
52
 
5
 
62
 
4
 
3
 
3
 
13
 
5
 
23
 
4
 
33
 
5
 
43
 
1
 
53
 
3
 
63
 
5
 
4
 
3
 
14
 
5
 
24
 
1
 
34
 
2
 
44
 
4
 
54
 
3
 
64
 
2
 
5
 
3
 
15
 
3
 
25
 
3
 
35
 
2
 
45
 
5
 
55
 
1
 
65
 
5
 
6
 
4
 
16
 
5
 
26
 
5
 
36
 
3
 
46
 
3
 
56
 
2
 
66
 
4
 
7
 
3
 
17
 
4
 
27
 
1
 
37
 
3
 
47
 
3
 
57
 
1
 
67
 
1
 
8
 
4
 
18
 
1
 
28
 
4
 
38
 
2
 
48
 
3
 
58
 
5
 
68
 
2
 
9
 
2
 
19
 
2
 
29
 
5
 
39
 
1
 
49
 
4
 
59
 
2
 
69
 
4
 
10
 
3
 
20
 
4
 
30
 
5
 
40
 
2
 
50
 
4
 
60
 
5
 
70
 
1