제12회 변호사시험 선택형 최종정답
 
󰋫 
과목명 : 공법 
 
문번
 
정답
 
문번
 
정답
 
문번
 
정답
 
문번
 
정답
 
1
 
5
 
11
 
4
 
21
 
5
 
31
 
2
 
2
 
1
 
12
 
1
 
22
 
3
 
32
 
4
 
3
 
1
 
13
 
4
 
23
 
3
 
33
 
2
 
4
 
5
 
14
 
3
 
24
 
1
 
34
 
5
 
5
 
4
 
15
 
3
 
25
 
3
 
35
 
4
 
6
 
4
 
16
 
3
 
26
 
1
 
36
 
4
 
7
 
2
 
17
 
2
 
27
 
5
 
37
 
5
 
8
 
3
 
18
 
4
 
28
 
1
 
38
 
3
 
9
 
5
 
19
 
5
 
29
 
4
 
39
 
1
 
10
 
2
 
20
 
2
 
30
 
2
 
40
 
5
 
 
제12회 변호사시험 선택형 최종정답
 
󰋫 
과목명 : 민사법 
 
문번
 
정답
 
문번
 
정답
 
문번
 
정답
 
문번
 
정답
 
문번
 
정답
 
문번
 
정답
 
문번
 
정답
 
1
 
2
 
11
 
1
 
21
 
1
 
31
 
2
 
41
 
1
 
51
 
3
 
61
 
3
 
2
 
3
 
12
 
3
 
22
 
4
 
32
 
5
 
42
 
4
 
52
 
5
 
62
 
1
 
3
 
4
 
13
 
5
 
23
 
5
 
33
 
1
 
43
 
3
 
53
 
2
 
63
 
4
 
4
 
4
 
14
 
3
 
24
 
5
 
34
 
3
 
44
 
5
 
54
 
1
 
64
 
5
 
5
 
4
 
15
 
1
 
25
 
2
 
35
 
5
 
45
 
2
 
55
 
3
 
65
 
2
 
6
 
5
 
16
 
2
 
26
 
1
 
36
 
2
 
46
 
1
 
56
 
5
 
66
 
3
 
7
 
3
 
17
 
3
 
27
 
4
 
37
 
4
 
47
 
3
 
57
 
2
 
67
 
5
 
8
 
3
 
18
 
1
 
28
 
2
 
38
 
2
 
48
 
5
 
58
 
1
 
68
 
1
 
9
 
3
 
19
 
4
 
29
 
4
 
39
 
4
 
49
 
2
 
59
 
3
 
69
 
4
 
10
 
5
 
20
 
2
 
30
 
5
 
40
 
3
 
50
 
4
 
60
 
3
 
70
 
4
 
 
제12회 변호사시험 선택형 최종정답
 
󰋫 
과목명 : 형사법 
 
문번
 
정답
 
문번
 
정답
 
문번
 
정답
 
문번
 
정답
 
1
 
5
 
11
 
3
 
21
 
2
 
31
 
5
 
2
 
2
 
12
 
3
 
22
 
5
 
32
 
2
 
3
 
4
 
13
 
3
 
23
 
2
 
33
 
5
 
4
 
3
 
14
 
1
 
24
 
2
 
34
 
1
 
5
 
1
 
15
 
5
 
25
 
2
 
35
 
3
 
6
 
5
 
16
 
4
 
26
 
1
 
36
 
1
 
7
 
5
 
17
 
5
 
27
 
5
 
37
 
5
 
8
 
3
 
18
 
4
 
28
 
3
 
38
 
2
 
9
 
2
 
19
 
4
 
29
 
2
 
39
 
4
 
10
 
1
 
20
 
2
 
30
 
3
 
40
 
1