제2회 변호사시험 선택형 최종정답
 
과목명 : 공법 책형 : 1
 
 
문번
 
정답
 
문번
 
정답
 
문번
 
정답
 
문번
 
정답
 
1
 
1
 
11
 
2
 
21
 
1
 
31
 
5
 
2
 
1
 
12
 
5
 
22
 
4
 
32
 
2
 
3
 
3
 
13
 
3
 
23
 
1
 
33
 
4
 
4
 
2
 
14
 
4
 
24
 
5
 
34
 
1
 
5
 
5
 
15
 
4
 
25
 
1
 
35
 
4
 
6
 
3
 
16
 
5
 
26
 
2
 
36
 
3
 
7
 
4
 
17
 
3
 
27
 
2
 
37
 
3
 
8
 
1
 
18
 
2
 
28
 
3
 
38
 
4
 
9
 
3
 
19
 
3
 
29
 
5
 
39
 
3
 
10
 
4
 
20
 
5
 
30
 
3
 
40
 
2
 
제2회 변호사시험 선택형 최종정답
 
과목명 : 공법 책형 : 3
 
 
문번
 
정답
 
문번
 
정답
 
문번
 
정답
 
문번
 
정답
 
1
 
1
 
11
 
4
 
21
 
1
 
31
 
4
 
2
 
1
 
12
 
5
 
22
 
2
 
32
 
3
 
3
 
3
 
13
 
3
 
23
 
2
 
33
 
3
 
4
 
1
 
14
 
2
 
24
 
3
 
34
 
4
 
5
 
3
 
15
 
5
 
25
 
5
 
35
 
3
 
6
 
4
 
16
 
3
 
26
 
4
 
36
 
5
 
7
 
2
 
17
 
4
 
27
 
1
 
37
 
2
 
8
 
2
 
18
 
4
 
28
 
5
 
38
 
4
 
9
 
5
 
19
 
3
 
29
 
1
 
39
 
3
 
10
 
3
 
20
 
5
 
30
 
1
 
40
 
2
 
제2회 변호사시험 선택형 최종정답
 
과목명 : 민사법 책형 : 1
 
 
문번
 
정답
 
문번
 
정답
 
문번
 
정답
 
문번
 
정답
 
문번
 
정답
 
문번
 
정답
 
문번
 
정답
 
1
 
4
 
11
 
1
 
21
 
3
 
31
 
5
 
41
 
4
 
51
 
2
 
61
 
2
 
2
 
5
 
12
 
1
 
22
 
5
 
32
 
4
 
42
 
2
 
52
 
4
 
62
 
2
 
3
 
1
 
13
 
2
 
23
 
1
 
33
 
3
 
43
 
4
 
53
 
1
 
63
 
3
 
4
 
5
 
14
 
1
 
24
 
4
 
34
 
4
 
44
 
3
 
54
 
4
 
64
 
3
 
5
 
5
 
15
 
3
 
25
 
2
 
35
 
2
 
45
 
2
 
55
 
4
 
65
 
2
 
6
 
4
 
16
 
3
 
26
 
4
 
36
 
1
 
46
 
3
 
56
 
5
 
66
 
2
 
7
 
4
 
17
 
2
 
27
 
5
 
37
 
2
 
47
 
3
 
57
 
5
 
67
 
3
 
8
 
5
 
18
 
1
 
28
 
1
 
38
 
1
 
48
 
3
 
58
 
5
 
68
 
5
 
9
 
5
 
19
 
1
 
29
 
3
 
39
 
4
 
49
 
4
 
59
 
3
 
69
 
3
 
10
 
1
 
20
 
2
 
30
 
4
 
40
 
5
 
50
 
3
 
60
 
4
 
70
 
1
 
제2회 변호사시험 선택형 최종정답
 
과목명 : 민사법 책형 : 3
 
 
문번
 
정답
 
문번
 
정답
 
문번
 
정답
 
문번
 
정답
 
문번
 
정답
 
문번
 
정답
 
문번
 
정답
 
1
 
4
 
11
 
4
 
21
 
2
 
31
 
2
 
41
 
1
 
51
 
2
 
61
 
2
 
2
 
5
 
12
 
5
 
22
 
4
 
32
 
1
 
42
 
2
 
52
 
4
 
62
 
2
 
3
 
1
 
13
 
2
 
23
 
5
 
33
 
3
 
43
 
1
 
53
 
5
 
63
 
3
 
4
 
5
 
14
 
1
 
24
 
3
 
34
 
4
 
44
 
4
 
54
 
5
 
64
 
4
 
5
 
5
 
15
 
1
 
25
 
5
 
35
 
5
 
45
 
5
 
55
 
5
 
65
 
2
 
6
 
1
 
16
 
2
 
26
 
1
 
36
 
3
 
46
 
4
 
56
 
3
 
66
 
2
 
7
 
1
 
17
 
2
 
27
 
4
 
37
 
2
 
47
 
2
 
57
 
1
 
67
 
3
 
8
 
1
 
18
 
1
 
28
 
4
 
38
 
3
 
48
 
4
 
58
 
4
 
68
 
5
 
9
 
5
 
19
 
3
 
29
 
3
 
39
 
3
 
49
 
4
 
59
 
4
 
69
 
3
 
10
 
4
 
20
 
3
 
30
 
4
 
40
 
3
 
50
 
3
 
60
 
3
 
70
 
1
 
제2회 변호사시험 선택형 최종정답
 
과목명 : 형사법 책형 : 1
 
 
문번
 
정답
 
문번
 
정답
 
문번
 
정답
 
문번
 
정답
 
1
 
3
 
11
 
3
 
21
 
1
 
31
 
5
 
2
 
1
 
12
 
4
 
22
 
2
 
32
 
5
 
3
 
2
 
13
 
2
 
23
 
3
 
33
 
2
 
4
 
5
 
14
 
1
 
24
 
4
 
34
 
4
 
5
 
4
 
15
 
1
 
25
 
5
 
35
 
2
 
6
 
3
 
16
 
2
 
26
 
4
 
36
 
5
 
7
 
4
 
17
 
2
 
27
 
1
 
37
 
2
 
8
 
3
 
18
 
5
 
28
 
1
 
38
 
5
 
9
 
3
 
19
 
1
 
29
 
5
 
39
 
4
 
10
 
5
 
20
 
3
 
30
 
4
 
40
 
4
 
제2회 변호사시험 선택형 최종정답
 
과목명 : 형사법 책형 : 3
 
 
문번
 
정답
 
문번
 
정답
 
문번
 
정답
 
문번
 
정답
 
1
 
3
 
11
 
4
 
21
 
2
 
31
 
2
 
2
 
1
 
12
 
4
 
22
 
5
 
32
 
5
 
3
 
2
 
13
 
2
 
23
 
1
 
33
 
2
 
4
 
5
 
14
 
1
 
24
 
1
 
34
 
5
 
5
 
3
 
15
 
1
 
25
 
5
 
35
 
5
 
6
 
3
 
16
 
1
 
26
 
4
 
36
 
2
 
7
 
5
 
17
 
3
 
27
 
3
 
37
 
4
 
8
 
3
 
18
 
1
 
28
 
4
 
38
 
5
 
9
 
4
 
19
 
2
 
29
 
5
 
39
 
4
 
10
 
3
 
20
 
2
 
30
 
4
 
40
 
4