정 답 가 안
 
 
󰋫 
과목명 : 민사법 
 
문번
 
정답
 
문번
 
정답
 
문번
 
정답
 
문번
 
정답
 
문번
 
정답
 
문번
 
정답
 
문번
 
정답
 
1
 
3
 
11
 
4
 
21
 
5
 
31
 
2
 
41
 
5
 
51
 
3
 
61
 
1
 
2
 
5
 
12
 
4
 
22
 
2
 
32
 
1
 
42
 
5
 
52
 
5
 
62
 
5
 
3
 
5
 
13
 
2
 
23
 
2
 
33
 
3
 
43
 
4
 
53
 
4
 
63
 
5
 
4
 
5
 
14
 
1
 
24
 
4
 
34
 
4
 
44
 
4
 
54
 
3
 
64
 
2
 
5
 
1
 
15
 
4
 
25
 
1
 
35
 
4
 
45
 
2
 
55
 
5
 
65
 
1
 
6
 
1
 
16
 
3
 
26
 
2
 
36
 
2
 
46
 
2
 
56
 
3
 
66
 
3
 
7
 
3
 
17
 
1
 
27
 
3
 
37
 
2
 
47
 
5
 
57
 
4
 
67
 
4
 
8
 
5
 
18
 
2
 
28
 
5
 
38
 
4
 
48
 
3
 
58
 
2
 
68
 
5
 
9
 
3
 
19
 
4
 
29
 
5
 
39
 
3
 
49
 
1
 
59
 
2
 
69
 
3
 
10
 
2
 
20
 
1
 
30
 
2
 
40
 
1
 
50
 
1
 
60
 
1
 
70
 
4