제6회 변호사시험 선택형 최종정답
 
과목명 : 공법 책형 : 1
 
 
문번
 
정답
 
문번
 
정답
 
문번
 
정답
 
문번
 
정답
 
1
 
3
 
11
 
2
 
21
 
2
 
31
 
5
 
2
 
1
 
12
 
2
 
22
 
1
 
32
 
4
 
3
 
5
 
13
 
5
 
23
 
4
 
33
 
1
 
4
 
5
 
14
 
2
 
24
 
4
 
34
 
5
 
5
 
1
 
15
 
4
 
25
 
2
 
35
 
3
 
6
 
2
 
16
 
4
 
26
 
4
 
36
 
3
 
7
 
5
 
17
 
3
 
27
 
5
 
37
 
3
 
8
 
1
 
18
 
4
 
28
 
4
 
38
 
1
 
9
 
3
 
19
 
1
 
29
 
3
 
39
 
2
 
10
 
3
 
20
 
2
 
30
 
4
 
40
 
5
 
제6회 변호사시험 선택형 최종정답
 
과목명 : 공법 책형 : 3
 
 
문번
 
정답
 
문번
 
정답
 
문번
 
정답
 
문번
 
정답
 
1
 
3
 
11
 
2
 
21
 
2
 
31
 
5
 
2
 
1
 
12
 
4
 
22
 
1
 
32
 
3
 
3
 
5
 
13
 
4
 
23
 
4
 
33
 
3
 
4
 
5
 
14
 
3
 
24
 
4
 
34
 
1
 
5
 
1
 
15
 
4
 
25
 
3
 
35
 
4
 
6
 
3
 
16
 
1
 
26
 
4
 
36
 
1
 
7
 
5
 
17
 
3
 
27
 
5
 
37
 
5
 
8
 
1
 
18
 
2
 
28
 
4
 
38
 
3
 
9
 
2
 
19
 
2
 
29
 
2
 
39
 
2
 
10
 
5
 
20
 
2
 
30
 
4
 
40
 
5
 
제6회 변호사시험 선택형 최종정답
 
과목명 : 민사법 책형 : 1
 
 
문번
 
정답
 
문번
 
정답
 
문번
 
정답
 
문번
 
정답
 
문번
 
정답
 
문번
 
정답
 
문번
 
정답
 
1
 
2
 
11
 
2
 
21
 
4
 
31
 
5
 
41
 
5
 
51
 
2
 
61
 
5
 
2
 
1
 
12
 
2
 
22
 
2
 
32
 
5
 
42
 
1
 
52
 
1
 
62
 
4
 
3
 
2
 
13
 
5
 
23
 
3
 
33
 
3
 
43
 
4
 
53
 
3
 
63
 
4
 
4
 
3
 
14
 
1
 
24
 
4
 
34
 
5
 
44
 
3
 
54
 
4
 
64
 
3
 
5
 
3
 
15
 
4
 
25
 
1
 
35
 
3
 
45
 
5
 
55
 
5
 
65
 
2
 
6
 
4
 
16
 
1
 
26
 
1
 
36
 
3
 
46
 
4
 
56
 
2
 
66
 
1
 
7
 
2
 
17
 
1
 
27
 
5
 
37
 
4
 
47
 
4
 
57
 
2
 
67
 
5
 
8
 
5
 
18
 
4
 
28
 
5
 
38
 
3
 
48
 
2
 
58
 
3
 
68
 
5
 
9
 
5
 
19
 
3
 
29
 
2
 
39
 
3
 
49
 
5
 
59
 
5
 
69
 
1
 
10
 
5
 
20
 
2
 
30
 
3
 
40
 
5
 
50
 
3
 
60
 
4
 
70
 
4
 
제6회 변호사시험 선택형 최종정답
 
과목명 : 민사법 책형 : 3
 
 
문번
 
정답
 
문번
 
정답
 
문번
 
정답
 
문번
 
정답
 
문번
 
정답
 
문번
 
정답
 
문번
 
정답
 
1
 
2
 
11
 
2
 
21
 
4
 
31
 
3
 
41
 
5
 
51
 
2
 
61
 
1
 
2
 
1
 
12
 
5
 
22
 
1
 
32
 
5
 
42
 
4
 
52
 
1
 
62
 
5
 
3
 
2
 
13
 
1
 
23
 
1
 
33
 
5
 
43
 
4
 
53
 
3
 
63
 
5
 
4
 
3
 
14
 
4
 
24
 
2
 
34
 
2
 
44
 
2
 
54
 
5
 
64
 
4
 
5
 
5
 
15
 
3
 
25
 
4
 
35
 
3
 
45
 
5
 
55
 
4
 
65
 
5
 
6
 
5
 
16
 
5
 
26
 
2
 
36
 
3
 
46
 
1
 
56
 
5
 
66
 
2
 
7
 
2
 
17
 
1
 
27
 
5
 
37
 
4
 
47
 
4
 
57
 
4
 
67
 
2
 
8
 
2
 
18
 
4
 
28
 
5
 
38
 
3
 
48
 
3
 
58
 
4
 
68
 
3
 
9
 
3
 
19
 
1
 
29
 
3
 
39
 
3
 
49
 
5
 
59
 
3
 
69
 
1
 
10
 
4
 
20
 
3
 
30
 
5
 
40
 
5
 
50
 
3
 
60
 
2
 
70
 
4
 
제6회 변호사시험 선택형 최종정답
 
과목명 : 형사법 책형 : 1
 
 
문번
 
정답
 
문번
 
정답
 
문번
 
정답
 
문번
 
정답
 
1
 
2
 
11
 
5
 
21
 
3
 
31
 
2
 
2
 
3
 
12
 
5
 
22
 
2
 
32
 
5
 
3
 
3
 
13
 
3
 
23
 
1
 
33
 
4
 
4
 
5
 
14
 
3
 
24
 
3
 
34
 
2
 
5
 
3
 
15
 
4
 
25
 
2
 
35
 
2
 
6
 
1
 
16
 
3
 
26
 
4
 
36
 
3
 
7
 
4
 
17
 
2
 
27
 
1
 
37
 
1
 
8
 
2
 
18
 
1
 
28
 
2
 
38
 
2
 
9
 
4
 
19
 
5
 
29
 
4
 
39
 
4
 
10
 
5
 
20
 
4
 
30
 
1
 
40
 
3
 
제6회 변호사시험 선택형 최종정답
 
과목명 : 형사법 책형 : 3
 
 
문번
 
정답
 
문번
 
정답
 
문번
 
정답
 
문번
 
정답
 
1
 
2
 
11
 
4
 
21
 
2
 
31
 
2
 
2
 
3
 
12
 
3
 
22
 
4
 
32
 
3
 
3
 
3
 
13
 
3
 
23
 
1
 
33
 
1
 
4
 
5
 
14
 
1
 
24
 
2
 
34
 
2
 
5
 
4
 
15
 
4
 
25
 
3
 
35
 
5
 
6
 
5
 
16
 
2
 
26
 
2
 
36
 
4
 
7
 
5
 
17
 
2
 
27
 
1
 
37
 
2
 
8
 
5
 
18
 
1
 
28
 
3
 
38
 
2
 
9
 
3
 
19
 
5
 
29
 
4
 
39
 
4
 
10
 
3
 
20
 
4
 
30
 
1
 
40
 
3