제11회 변호사시험 선택형 최종정답
 
󰋫 
과목명 : (공법) 
 
문번
 
정답
 
문번
 
정답
 
문번
 
정답
 
문번
 
정답
 
1
 
3
 
11
 
1
 
21
 
5
 
31
 
4
 
2
 
4
 
12
 
1
 
22
 
1
 
32
 
1
 
3
 
2
 
13
 
4
 
23
 
4
 
33
 
4
 
4
 
4
 
14
 
5
 
24
 
5
 
34
 
5
 
5
 
3
 
15
 
3
 
25
 
3
 
35
 
3
 
6
 
2
 
16
 
5
 
26
 
4
 
36
 
5
 
7
 
3
 
17
 
4
 
27
 
4
 
37
 
2
 
8
 
3
 
18
 
4
 
28
 
1
 
38
 
2
 
9
 
5
 
19
 
5
 
29
 
2
 
39
 
5
 
10
 
1
 
20
 
2
 
30
 
2
 
40
 
4
 
 
제11회 변호사시험 선택형 최종정답
 
󰋫 
과목명 : (민사법) 
 
문번
 
정답
 
문번
 
정답
 
문번
 
정답
 
문번
 
정답
 
문번
 
정답
 
문번
 
정답
 
문번
 
정답
 
1
 
1
 
11
 
2
 
21
 
4
 
31
 
4
 
41
 
2
 
51
 
5
 
61
 
2
 
2
 
2
 
12
 
2
 
22
 
5
 
32
 
5
 
42
 
1
 
52
 
2
 
62
 
3
 
3
 
2
 
13
 
1
 
23
 
3
 
33
 
5
 
43
 
5
 
53
 
2
 
63
 
4
 
4
 
2
 
14
 
5
 
24
 
5
 
34
 
4
 
44
 
3
 
54
 
3
 
64
 
2
 
5
 
1
 
15
 
3
 
25
 
4
 
35
 
2
 
45
 
2
 
55
 
2
 
65
 
2
 
6
 
1
 
16
 
1
 
26
 
4
 
36
 
2
 
46
 
4
 
56
 
4
 
66
 
1
 
7
 
3
 
17
 
3
 
27
 
5
 
37
 
3
 
47
 
1
 
57
 
2
 
67
 
2
 
8
 
3
 
18
 
5
 
28
 
4
 
38
 
5
 
48
 
2
 
58
 
1
 
68
 
4
 
9
 
1
 
19
 
1
 
29
 
1
 
39
 
4
 
49
 
3
 
59
 
3
 
69
 
4
 
10
 
2
 
20
 
5
 
30
 
3
 
40
 
3
 
50
 
2
 
60
 
2
 
70
 
3
 
 
제11회 변호사시험 선택형 최종정답
 
󰋫 
과목명 : (형사법) 
 
문번
 
정답
 
문번
 
정답
 
문번
 
정답
 
문번
 
정답
 
1
 
4
 
11
 
5
 
21
 
2
 
31
 
4
 
2
 
4
 
12
 
3
 
22
 
2
 
32
 
1
 
3
 
3
 
13
 
1
 
23
 
3
 
33
 
5
 
4
 
4
 
14
 
2
 
24
 
5
 
34
 
2
 
5
 
4
 
15
 
5
 
25
 
3
 
35
 
4
 
6
 
2
 
16
 
3
 
26
 
5
 
36
 
2
 
7
 
4
 
17
 
1, 5
 
27
 
5
 
37
 
1
 
8
 
4
 
18
 
3
 
28
 
2
 
38
 
1
 
9
 
5
 
19
 
1
 
29
 
3
 
39
 
3
 
10
 
2
 
20
 
3
 
30
 
4
 
40
 
3