제4회 변호사시험 선택형 최종정답
 
과목명 : 공법 책형 : 1
 
 
문번
 
정답
 
문번
 
정답
 
문번
 
정답
 
문번
 
정답
 
1
 
5
 
11
 
1
 
21
 
2
 
31
 
5
 
2
 
1
 
12
 
2
 
22
 
2
 
32
 
4
 
3
 
5
 
13
 
2
 
23
 
1
 
33
 
3
 
4
 
3
 
14
 
1
 
24
 
3
 
34
 
5
 
5
 
5
 
15
 
3
 
25
 
5
 
35
 
1
 
6
 
3
 
16
 
4
 
26
 
3
 
36
 
4
 
7
 
1
 
17
 
3
 
27
 
5
 
37
 
4
 
8
 
4
 
18
 
1
 
28
 
1
 
38
 
4
 
9
 
2
 
19
 
2
 
29
 
3
 
39
 
5
 
10
 
1
 
20
 
4
 
30
 
4
 
40
 
1
 
제4회 변호사시험 선택형 최종정답
 
과목명 : 공법 책형 : 3
 
 
문번
 
정답
 
문번
 
정답
 
문번
 
정답
 
문번
 
정답
 
1
 
5
 
11
 
3
 
21
 
2
 
31
 
5
 
2
 
1
 
12
 
4
 
22
 
3
 
32
 
1
 
3
 
5
 
13
 
3
 
23
 
5
 
33
 
3
 
4
 
3
 
14
 
5
 
24
 
1
 
34
 
4
 
5
 
2
 
15
 
3
 
25
 
2
 
35
 
5
 
6
 
1
 
16
 
1
 
26
 
1
 
36
 
4
 
7
 
1
 
17
 
4
 
27
 
3
 
37
 
4
 
8
 
2
 
18
 
1
 
28
 
5
 
38
 
4
 
9
 
2
 
19
 
2
 
29
 
4
 
39
 
5
 
10
 
1
 
20
 
4
 
30
 
3
 
40
 
1
 
제4회 변호사시험 선택형 최종정답
 
과목명 : 민사법 책형 : 1
 
 
문번
 
정답
 
문번
 
정답
 
문번
 
정답
 
문번
 
정답
 
문번
 
정답
 
문번
 
정답
 
문번
 
정답
 
1
 
4
 
11
 
4
 
21
 
1
 
31
 
2
 
41
 
4
 
51
 
3
 
61
 
3
 
2
 
2
 
12
 
2
 
22
 
2
 
32
 
5
 
42
 
2
 
52
 
1
 
62
 
2
 
3
 
2
 
13
 
2
 
23
 
3
 
33
 
4
 
43
 
2
 
53
 
5
 
63
 
3
 
4
 
1
 
14
 
5
 
24
 
4
 
34
 
4
 
44
 
4
 
54
 
1
 
64
 
4
 
5
 
5
 
15
 
4
 
25
 
2
 
35
 
2
 
45
 
3
 
55
 
2
 
65
 
4
 
6
 
1
 
16
 
2
 
26
 
3
 
36
 
5
 
46
 
3
 
56
 
1
 
66
 
3
 
7
 
5
 
17
 
5
 
27
 
5
 
37
 
2
 
47
 
1
 
57
 
4
 
67
 
4
 
8
 
2
 
18
 
4
 
28
 
1
 
38
 
1
 
48
 
4
 
58
 
5
 
68
 
5
 
9
 
4
 
19
 
5
 
29
 
3
 
39
 
5
 
49
 
2
 
59
 
5
 
69
 
5
 
10
 
1
 
20
 
3
 
30
 
5
 
40
 
5
 
50
 
3
 
60
 
1
 
70
 
4
 
제4회 변호사시험 선택형 최종정답
 
과목명 : 민사법 책형 : 3
 
 
문번
 
정답
 
문번
 
정답
 
문번
 
정답
 
문번
 
정답
 
문번
 
정답
 
문번
 
정답
 
문번
 
정답
 
1
 
4
 
11
 
1
 
21
 
2
 
31
 
3
 
41
 
3
 
51
 
3
 
61
 
4
 
2
 
2
 
12
 
5
 
22
 
5
 
32
 
5
 
42
 
3
 
52
 
1
 
62
 
3
 
3
 
2
 
13
 
2
 
23
 
4
 
33
 
1
 
43
 
5
 
53
 
5
 
63
 
4
 
4
 
1
 
14
 
4
 
24
 
5
 
34
 
3
 
44
 
5
 
54
 
1
 
64
 
5
 
5
 
1
 
15
 
3
 
25
 
5
 
35
 
2
 
45
 
4
 
55
 
2
 
65
 
1
 
6
 
4
 
16
 
1
 
26
 
2
 
36
 
5
 
46
 
2
 
56
 
1
 
66
 
4
 
7
 
2
 
17
 
2
 
27
 
5
 
37
 
2
 
47
 
1
 
57
 
3
 
67
 
5
 
8
 
2
 
18
 
3
 
28
 
4
 
38
 
1
 
48
 
4
 
58
 
2
 
68
 
5
 
9
 
5
 
19
 
4
 
29
 
4
 
39
 
2
 
49
 
2
 
59
 
3
 
69
 
5
 
10
 
5
 
20
 
4
 
30
 
2
 
40
 
4
 
50
 
3
 
60
 
4
 
70
 
4
 
제4회 변호사시험 선택형 최종정답
 
과목명 : 형사법 책형 : 1
 
 
문번
 
정답
 
문번
 
정답
 
문번
 
정답
 
문번
 
정답
 
1
 
1
 
11
 
1
 
21
 
4
 
31
 
2
 
2
 
2
 
12
 
2
 
22
 
5
 
32
 
3
 
3
 
1
 
13
 
2
 
23
 
3
 
33
 
5
 
4
 
2
 
14
 
2
 
24
 
2
 
34
 
1
 
5
 
5
 
15
 
4
 
25
 
3
 
35
 
2
 
6
 
3
 
16
 
4
 
26
 
1
 
36
 
3
 
7
 
3
 
17
 
5
 
27
 
1
 
37
 
5
 
8
 
5
 
18
 
4
 
28
 
2
 
38
 
4
 
9
 
1
 
19
 
4
 
29
 
5
 
39
 
3
 
10
 
3
 
20
 
2
 
30
 
4
 
40
 
4
 
제4회 변호사시험 선택형 최종정답
 
과목명 : 형사법 책형 : 3
 
 
문번
 
정답
 
문번
 
정답
 
문번
 
정답
 
문번
 
정답
 
1
 
1
 
11
 
3
 
21
 
3
 
31
 
2
 
2
 
2
 
12
 
5
 
22
 
1
 
32
 
3
 
3
 
1
 
13
 
1
 
23
 
1
 
33
 
5
 
4
 
2
 
14
 
2
 
24
 
2
 
34
 
2
 
5
 
5
 
15
 
4
 
25
 
5
 
35
 
3
 
6
 
3
 
16
 
4
 
26
 
4
 
36
 
5
 
7
 
1
 
17
 
5
 
27
 
4
 
37
 
1
 
8
 
2
 
18
 
4
 
28
 
2
 
38
 
4
 
9
 
2
 
19
 
3
 
29
 
4
 
39
 
3
 
10
 
3
 
20
 
2
 
30
 
5
 
40
 
4