제7회 변호사시험 선택형 최종정답
 
과목명 : 공법 책형 : 1
 
 
문번
 
정답
 
문번
 
정답
 
문번
 
정답
 
문번
 
정답
 
1
 
4
 
11
 
3
 
21
 
4
 
31
 
5
 
2
 
4
 
12
 
2
 
22
 
5
 
32
 
2
 
3
 
3
 
13
 
2
 
23
 
2
 
33
 
1
 
4
 
3
 
14
 
2
 
24
 
4
 
34
 
4
 
5
 
5
 
15
 
1
 
25
 
5
 
35
 
3
 
6
 
5
 
16
 
3
 
26
 
2
 
36
 
2
 
7
 
5
 
17
 
1
 
27
 
1
 
37
 
3
 
8
 
2
 
18
 
5
 
28
 
4
 
38
 
4
 
9
 
3
 
19
 
1
 
29
 
5
 
39
 
2
 
10
 
4
 
20
 
4
 
30
 
5
 
40
 
3
 
제7회 변호사시험 선택형 최종정답
 
과목명 : 공법 책형 : 3
 
 
문번
 
정답
 
문번
 
정답
 
문번
 
정답
 
문번
 
정답
 
1
 
4
 
11
 
1
 
21
 
4
 
31
 
3
 
2
 
4
 
12
 
3
 
22
 
5
 
32
 
2
 
3
 
3
 
13
 
1
 
23
 
2
 
33
 
5
 
4
 
2
 
14
 
5
 
24
 
1
 
34
 
5
 
5
 
3
 
15
 
3
 
25
 
4
 
35
 
2
 
6
 
4
 
16
 
2
 
26
 
5
 
36
 
1
 
7
 
3
 
17
 
2
 
27
 
2
 
37
 
3
 
8
 
5
 
18
 
2
 
28
 
4
 
38
 
4
 
9
 
5
 
19
 
1
 
29
 
5
 
39
 
2
 
10
 
5
 
20
 
4
 
30
 
4
 
40
 
3
 
제7회 변호사시험 선택형 최종정답
 
과목명 : 민사법 책형 : 1
 
 
문번
 
정답
 
문번
 
정답
 
문번
 
정답
 
문번
 
정답
 
문번
 
정답
 
문번
 
정답
 
문번
 
정답
 
1
 
5
 
11
 
4
 
21
 
2
 
31
 
4
 
41
 
4
 
51
 
3
 
61
 
1
 
2
 
1
 
12
 
3
 
22
 
1
 
32
 
3
 
42
 
4
 
52
 
2
 
62
 
3
 
3
 
4
 
13
 
2
 
23
 
5
 
33
 
3
 
43
 
5
 
53
 
2
 
63
 
4
 
4
 
4
 
14
 
1
 
24
 
1
 
34
 
5
 
44
 
4
 
54
 
3
 
64
 
2
 
5
 
1
 
15
 
1
 
25
 
5
 
35
 
2
 
45
 
1
 
55
 
5
 
65
 
4
 
6
 
3
 
16
 
5
 
26
 
3
 
36
 
3
 
46
 
3
 
56
 
2
 
66
 
4
 
7
 
5
 
17
 
4
 
27
 
3
 
37
 
3
 
47
 
4
 
57
 
5
 
67
 
2
 
8
 
2
 
18
 
3
 
28
 
2
 
38
 
2
 
48
 
4
 
58
 
3
 
68
 
5
 
9
 
1
 
19
 
2
 
29
 
4
 
39
 
2
 
49
 
1
 
59
 
5
 
69
 
4
 
10
 
3
 
20
 
1
 
30
 
4
 
40
 
5
 
50
 
5
 
60
 
1
 
70
 
2
 
제7회 변호사시험 선택형 최종정답
 
과목명 : 민사법 책형 : 3
 
 
문번
 
정답
 
문번
 
정답
 
문번
 
정답
 
문번
 
정답
 
문번
 
정답
 
문번
 
정답
 
문번
 
정답
 
1
 
5
 
11
 
5
 
21
 
5
 
31
 
5
 
41
 
1
 
51
 
3
 
61
 
4
 
2
 
1
 
12
 
5
 
22
 
3
 
32
 
3
 
42
 
3
 
52
 
2
 
62
 
3
 
3
 
4
 
13
 
4
 
23
 
3
 
33
 
3
 
43
 
4
 
53
 
2
 
63
 
5
 
4
 
2
 
14
 
3
 
24
 
2
 
34
 
5
 
44
 
4
 
54
 
3
 
64
 
2
 
5
 
1
 
15
 
2
 
25
 
4
 
35
 
2
 
45
 
3
 
55
 
5
 
65
 
5
 
6
 
3
 
16
 
3
 
26
 
4
 
36
 
3
 
46
 
2
 
56
 
1
 
66
 
4
 
7
 
4
 
17
 
2
 
27
 
4
 
37
 
4
 
47
 
2
 
57
 
1
 
67
 
2
 
8
 
4
 
18
 
1
 
28
 
1
 
38
 
4
 
48
 
5
 
58
 
3
 
68
 
5
 
9
 
1
 
19
 
1
 
29
 
2
 
39
 
5
 
49
 
1
 
59
 
4
 
69
 
4
 
10
 
3
 
20
 
1
 
30
 
1
 
40
 
4
 
50
 
5
 
60
 
2
 
70
 
2
 
제7회 변호사시험 선택형 최종정답
 
과목명 : 형사법 책형 : 1
 
 
문번
 
정답
 
문번
 
정답
 
문번
 
정답
 
문번
 
정답
 
1
 
3
 
11
 
5
 
21
 
5
 
31
 
3
 
2
 
1
 
12
 
4
 
22
 
2
 
32
 
4
 
3
 
5
 
13
 
3
 
23
 
3
 
33
 
2
 
4
 
3
 
14
 
2
 
24
 
5
 
34
 
3
 
5
 
1
 
15
 
3
 
25
 
4
 
35
 
1
 
6
 
4
 
16
 
1
 
26
 
1
 
36
 
2
 
7
 
3
 
17
 
1
 
27
 
2
 
37
 
1
 
8
 
4
 
18
 
5
 
28
 
5
 
38
 
4
 
9
 
5
 
19
 
2
 
29
 
4
 
39
 
2
 
10
 
5
 
20
 
1
 
30
 
3
 
40
 
3
 
제7회 변호사시험 선택형 최종정답
 
과목명 : 형사법 책형 : 3
 
 
문번
 
정답
 
문번
 
정답
 
문번
 
정답
 
문번
 
정답
 
1
 
3
 
11
 
3
 
21
 
5
 
31
 
3
 
2
 
1
 
12
 
1
 
22
 
2
 
32
 
1
 
3
 
5
 
13
 
1
 
23
 
2
 
33
 
2
 
4
 
4
 
14
 
5
 
24
 
5
 
34
 
3
 
5
 
5
 
15
 
5
 
25
 
4
 
35
 
4
 
6
 
5
 
16
 
4
 
26
 
3
 
36
 
2
 
7
 
3
 
17
 
3
 
27
 
3
 
37
 
1
 
8
 
1
 
18
 
2
 
28
 
5
 
38
 
4
 
9
 
4
 
19
 
2
 
29
 
4
 
39
 
2
 
10
 
3
 
20
 
1
 
30
 
1
 
40
 
3