제8회 변호사시험 선택형 최종정답
 
과목명 : 공법 책형 : 1
 
 
문번
 
정답
 
문번
 
정답
 
문번
 
정답
 
문번
 
정답
 
1
 
2
 
11
 
1
 
21
 
4
 
31
 
3
 
2
 
2
 
12
 
4
 
22
 
4
 
32
 
3
 
3
 
3
 
13
 
4
 
23
 
3
 
33
 
2
 
4
 
5
 
14
 
3
 
24
 
1
 
34
 
5
 
5
 
1
 
15
 
5
 
25
 
1
 
35
 
2
 
6
 
5
 
16
 
2
 
26
 
2
 
36
 
2
 
7
 
5
 
17
 
4
 
27
 
4
 
37
 
5
 
8
 
3
 
18
 
5
 
28
 
5
 
38
 
3
 
9
 
3
 
19
 
4
 
29
 
5
 
39
 
4
 
10
 
1
 
20
 
4
 
30
 
1
 
40
 
1
 
제8회 변호사시험 선택형 최종정답
 
과목명 : 공법 책형 : 3
 
 
문번
 
정답
 
문번
 
정답
 
문번
 
정답
 
문번
 
정답
 
1
 
2
 
11
 
5
 
21
 
1
 
31
 
1
 
2
 
2
 
12
 
2
 
22
 
2
 
32
 
2
 
3
 
3
 
13
 
4
 
23
 
4
 
33
 
5
 
4
 
3
 
14
 
1
 
24
 
5
 
34
 
3
 
5
 
3
 
15
 
4
 
25
 
5
 
35
 
3
 
6
 
1
 
16
 
4
 
26
 
1
 
36
 
2
 
7
 
5
 
17
 
3
 
27
 
3
 
37
 
5
 
8
 
1
 
18
 
5
 
28
 
4
 
38
 
2
 
9
 
5
 
19
 
4
 
29
 
4
 
39
 
4
 
10
 
5
 
20
 
4
 
30
 
3
 
40
 
1
 
제8회 변호사시험 선택형 최종정답
 
과목명 : 민사법 책형 : 1
 
 
문번
 
정답
 
문번
 
정답
 
문번
 
정답
 
문번
 
정답
 
문번
 
정답
 
문번
 
정답
 
문번
 
정답
 
1
 
3
 
11
 
3
 
21
 
2
 
31
 
5
 
41
 
5
 
51
 
2
 
61
 
1
 
2
 
5
 
12
 
3
 
22
 
2
 
32
 
4
 
42
 
4
 
52
 
5
 
62
 
5
 
3
 
5
 
13
 
2
 
23
 
5
 
33
 
2
 
43
 
4
 
53
 
4
 
63
 
2
 
4
 
2
 
14
 
5
 
24
 
2
 
34
 
4
 
44
 
3
 
54
 
2
 
64
 
2
 
5
 
1
 
15
 
4
 
25
 
1
 
35
 
1
 
45
 
3
 
55
 
2
 
65
 
5
 
6
 
3
 
16
 
2
 
26
 
1
 
36
 
3
 
46
 
4
 
56
 
4
 
66
 
3
 
7
 
4
 
17
 
2
 
27
 
2
 
37
 
5
 
47
 
4
 
57
 
1
 
67
 
4
 
8
 
4
 
18
 
4
 
28
 
2
 
38
 
1
 
48
 
2
 
58
 
4
 
68
 
3
 
9
 
4
 
19
 
1
 
29
 
1
 
39
 
1
 
49
 
4
 
59
 
2
 
69
 
2
 
10
 
5
 
20
 
5
 
30
 
3
 
40
 
2
 
50
 
1
 
60
 
1
 
70
 
3
 
제8회 변호사시험 선택형 최종정답
 
과목명 : 민사법 책형 : 3
 
 
문번
 
정답
 
문번
 
정답
 
문번
 
정답
 
문번
 
정답
 
문번
 
정답
 
문번
 
정답
 
문번
 
정답
 
1
 
3
 
11
 
4
 
21
 
2
 
31
 
2
 
41
 
1
 
51
 
4
 
61
 
1
 
2
 
5
 
12
 
2
 
22
 
1
 
32
 
2
 
42
 
2
 
52
 
5
 
62
 
4
 
3
 
5
 
13
 
2
 
23
 
1
 
33
 
1
 
43
 
1
 
53
 
4
 
63
 
2
 
4
 
4
 
14
 
4
 
24
 
5
 
34
 
4
 
44
 
1
 
54
 
2
 
64
 
1
 
5
 
4
 
15
 
3
 
25
 
2
 
35
 
1
 
45
 
2
 
55
 
2
 
65
 
1
 
6
 
5
 
16
 
3
 
26
 
3
 
36
 
3
 
46
 
5
 
56
 
2
 
66
 
5
 
7
 
2
 
17
 
2
 
27
 
5
 
37
 
5
 
47
 
4
 
57
 
5
 
67
 
2
 
8
 
1
 
18
 
5
 
28
 
4
 
38
 
4
 
48
 
4
 
58
 
3
 
68
 
3
 
9
 
3
 
19
 
2
 
29
 
2
 
39
 
2
 
49
 
3
 
59
 
4
 
69
 
2
 
10
 
4
 
20
 
5
 
30
 
1
 
40
 
4
 
50
 
3
 
60
 
4
 
70
 
3
 
제8회 변호사시험 선택형 최종정답
 
과목명 : 형사법 책형 : 1
 
 
문번
 
정답
 
문번
 
정답
 
문번
 
정답
 
문번
 
정답
 
1
 
4
 
11
 
1
 
21
 
2
 
31
 
5
 
2
 
1
 
12
 
4
 
22
 
2
 
32
 
2
 
3
 
2
 
13
 
5
 
23
 
4
 
33
 
3
 
4
 
2
 
14
 
1
 
24
 
3
 
34
 
1
 
5
 
1
 
15
 
1
 
25
 
1
 
35
 
4
 
6
 
5
 
16
 
3
 
26
 
5
 
36
 
5
 
7
 
5
 
17
 
5
 
27
 
2
 
37
 
4
 
8
 
3
 
18
 
3
 
28
 
5
 
38
 
3
 
9
 
2
 
19
 
3
 
29
 
4
 
39
 
4
 
10
 
4
 
20
 
2
 
30
 
1
 
40
 
3
 
제8회 변호사시험 선택형 최종정답
 
과목명 : 형사법 책형 : 3
 
 
문번
 
정답
 
문번
 
정답
 
문번
 
정답
 
문번
 
정답
 
1
 
4
 
11
 
1
 
21
 
1
 
31
 
3
 
2
 
1
 
12
 
1
 
22
 
5
 
32
 
5
 
3
 
2
 
13
 
3
 
23
 
2
 
33
 
4
 
4
 
3
 
14
 
5
 
24
 
5
 
34
 
3
 
5
 
2
 
15
 
1
 
25
 
4
 
35
 
4
 
6
 
4
 
16
 
4
 
26
 
1
 
36
 
2
 
7
 
2
 
17
 
5
 
27
 
5
 
37
 
3
 
8
 
1
 
18
 
3
 
28
 
2
 
38
 
1
 
9
 
5
 
19
 
3
 
29
 
2
 
39
 
4
 
10
 
5
 
20
 
2
 
30
 
4
 
40
 
3