제10회 변호사시험 선택형 최종정답
 
과목명 : 공법 
 
 
문번
 
정답
 
문번
 
정답
 
문번
 
정답
 
문번
 
정답
 
1
 
4
 
11
 
2
 
21
 
3
 
31
 
1
 
2
 
5
 
12
 
5
 
22
 
1
 
32
 
4
 
3
 
1
 
13
 
3
 
23
 
4
 
33
 
3
 
4
 
1
 
14
 
5
 
24
 
2
 
34
 
4
 
5
 
5
 
15
 
1
 
25
 
3
 
35
 
2
 
6
 
1
 
16
 
2
 
26
 
5
 
36
 
4
 
7
 
1
 
17
 
4
 
27
 
1
 
37
 
5
 
8
 
4
 
18
 
2
 
28
 
5
 
38
 
5
 
9
 
3
 
19
 
3
 
29
 
2
 
39
 
5
 
10
 
5
 
20
 
4
 
30
 
2
 
40
 
1
 
제10회 변호사시험 선택형 최종정답
 
과목명 : 민사법 
 
문번
 
정답
 
문번
 
정답
 
문번
 
정답
 
문번
 
정답
 
문번
 
정답
 
문번
 
정답
 
문번
 
정답
 
1
 
1
 
11
 
4
 
21
 
5
 
31
 
5
 
41
 
2
 
51
 
5
 
61
 
5
 
2
 
2
 
12
 
3
 
22
 
3
 
32
 
2
 
42
 
3
 
52
 
5
 
62
 
4
 
3
 
5
 
13
 
1
 
23
 
2
 
33
 
4
 
43
 
5
 
53
 
2
 
63
 
3
 
4
 
5
 
14
 
4
 
24
 
4
 
34
 
5
 
44
 
1
 
54
 
5
 
64
 
2
 
5
 
3
 
15
 
5
 
25
 
4
 
35
 
2
 
45
 
3
 
55
 
5
 
65
 
4
 
6
 
4
 
16
 
4
 
26
 
2
 
36
 
4
 
46
 
1
 
56
 
3
 
66
 
5
 
7
 
3
 
17
 
4
 
27
 
5
 
37
 
2
 
47
 
4
 
57
 
1
 
67
 
1
 
8
 
3
 
18
 
3
 
28
 
2
 
38
 
2
 
48
 
2
 
58
 
4
 
68
 
3
 
9
 
5
 
19
 
3
 
29
 
5
 
39
 
1
 
49
 
4
 
59
 
2
 
69
 
2
 
10
 
4
 
20
 
2
 
30
 
1
 
40
 
3
 
50
 
3
 
60
 
4
 
70
 
5
 
제10회 변호사시험 선택형 최종정답
 
과목명 : 형사법 
 
 
문번
 
정답
 
문번
 
정답
 
문번
 
정답
 
문번
 
정답
 
1
 
4
 
11
 
3
 
21
 
5
 
31
 
4
 
2
 
4
 
12
 
5
 
22
 
1
 
32
 
1
 
3
 
5
 
13
 
5
 
23
 
4
 
33
 
4
 
4
 
5
 
14
 
1
 
24
 
5
 
34
 
5
 
5
 
4
 
15
 
4
 
25
 
2
 
35
 
5
 
6
 
1
 
16
 
1
 
26
 
5
 
36
 
4
 
7
 
3
 
17
 
2
 
27
 
4
 
37
 
1
 
8
 
2
 
18
 
2
 
28
 
3
 
38
 
3
 
9
 
3
 
19
 
1
 
29
 
4
 
39
 
5
 
10
 
4
 
20
 
3
 
30
 
2
 
40
 
5