제9회 변호사시험 선택형 최종정답
 
과목명 : 공법 책형 : 1
 
 
문번
 
정답
 
문번
 
정답
 
문번
 
정답
 
문번
 
정답
 
1
 
2
 
11
 
5
 
21
 
2
 
31
 
5
 
2
 
1
 
12
 
5
 
22
 
3
 
32
 
3
 
3
 
1
 
13
 
3
 
23
 
5
 
33
 
4
 
4
 
4
 
14
 
3
 
24
 
2
 
34
 
2
 
5
 
4
 
15
 
5
 
25
 
2
 
35
 
5
 
6
 
5
 
16
 
3
 
26
 
3
 
36
 
1
 
7
 
2
 
17
 
4
 
27
 
1
 
37
 
3
 
8
 
3
 
18
 
3
 
28
 
5
 
38
 
3
 
9
 
4
 
19
 
4
 
29
 
1
 
39
 
4
 
10
 
4
 
20
 
4
 
30
 
2
 
40
 
2
 
제9회 변호사시험 선택형 최종정답
 
과목명 : 공법 책형 : 3
 
 
문번
 
정답
 
문번
 
정답
 
문번
 
정답
 
문번
 
정답
 
1
 
2
 
11
 
3
 
21
 
3
 
31
 
3
 
2
 
1
 
12
 
5
 
22
 
4
 
32
 
3
 
3
 
1
 
13
 
4
 
23
 
1
 
33
 
4
 
4
 
2
 
14
 
5
 
24
 
5
 
34
 
4
 
5
 
3
 
15
 
5
 
25
 
1
 
35
 
2
 
6
 
4
 
16
 
4
 
26
 
5
 
36
 
5
 
7
 
4
 
17
 
2
 
27
 
2
 
37
 
2
 
8
 
4
 
18
 
3
 
28
 
2
 
38
 
5
 
9
 
5
 
19
 
3
 
29
 
3
 
39
 
3
 
10
 
3
 
20
 
4
 
30
 
1
 
40
 
2
 
제9회 변호사시험 선택형 최종정답
 
과목명 : 민사법 책형 : 1
 
 
문번
 
정답
 
문번
 
정답
 
문번
 
정답
 
문번
 
정답
 
문번
 
정답
 
문번
 
정답
 
문번
 
정답
 
1
 
3
 
11
 
4
 
21
 
4
 
31
 
2
 
41
 
2
 
51
 
2
 
61
 
5
 
2
 
2
 
12
 
5
 
22
 
4
 
32
 
5
 
42
 
5
 
52
 
4
 
62
 
1
 
3
 
4
 
13
 
1
 
23
 
2
 
33
 
5
 
43
 
3
 
53
 
1
 
63
 
4
 
4
 
2
 
14
 
3
 
24
 
2
 
34
 
3
 
44
 
3
 
54
 
1
 
64
 
4
 
5
 
3
 
15
 
2
 
25
 
5
 
35
 
1
 
45
 
2
 
55
 
2
 
65
 
5
 
6
 
5
 
16
 
5
 
26
 
4
 
36
 
1
 
46
 
1
 
56
 
3
 
66
 
3
 
7
 
1
 
17
 
3
 
27
 
1
 
37
 
5
 
47
 
4
 
57
 
4
 
67
 
5
 
8
 
5
 
18
 
2
 
28
 
3
 
38
 
1
 
48
 
5
 
58
 
2
 
68
 
5
 
9
 
4
 
19
 
2
 
29
 
3
 
39
 
4
 
49
 
3
 
59
 
2
 
69
 
2
 
10
 
4
 
20
 
4
 
30
 
1
 
40
 
3
 
50
 
4
 
60
 
3
 
70
 
5
 
제9회 변호사시험 선택형 최종정답
 
과목명 : 민사법 책형 : 3
 
 
문번
 
정답
 
문번
 
정답
 
문번
 
정답
 
문번
 
정답
 
문번
 
정답
 
문번
 
정답
 
문번
 
정답
 
1
 
3
 
11
 
1
 
21
 
5
 
31
 
3
 
41
 
5
 
51
 
2
 
61
 
4
 
2
 
2
 
12
 
5
 
22
 
4
 
32
 
1
 
42
 
1
 
52
 
3
 
62
 
2
 
3
 
4
 
13
 
3
 
23
 
1
 
33
 
3
 
43
 
4
 
53
 
4
 
63
 
3
 
4
 
2
 
14
 
2
 
24
 
3
 
34
 
1
 
44
 
4
 
54
 
2
 
64
 
5
 
5
 
4
 
15
 
2
 
25
 
4
 
35
 
2
 
45
 
5
 
55
 
2
 
65
 
5
 
6
 
4
 
16
 
4
 
26
 
4
 
36
 
3
 
46
 
3
 
56
 
4
 
66
 
2
 
7
 
4
 
17
 
1
 
27
 
2
 
37
 
2
 
47
 
4
 
57
 
1
 
67
 
5
 
8
 
5
 
18
 
3
 
28
 
2
 
38
 
5
 
48
 
3
 
58
 
1
 
68
 
5
 
9
 
3
 
19
 
2
 
29
 
5
 
39
 
3
 
49
 
2
 
59
 
1
 
69
 
3
 
10
 
5
 
20
 
5
 
30
 
5
 
40
 
1
 
50
 
1
 
60
 
4
 
70
 
5
 
제9회 변호사시험 선택형 최종정답
 
과목명 : 형사법 책형 : 1
 
 
문번
 
정답
 
문번
 
정답
 
문번
 
정답
 
문번
 
정답
 
1
 
3
 
11
 
1
 
21
 
2
 
31
 
정답없음
 
2
 
2
 
12
 
2
 
22
 
1
 
32
 
4
 
3
 
1
 
13
 
3
 
23
 
5
 
33
 
2
 
4
 
5
 
14
 
4
 
24
 
3
 
34
 
3
 
5
 
5
 
15
 
4
 
25
 
4
 
35
 
1
 
6
 
4
 
16
 
1
 
26
 
1
 
36
 
5
 
7
 
1
 
17
 
4
 
27
 
4
 
37
 
3
 
8
 
3
 
18
 
5
 
28
 
2
 
38
 
5
 
9
 
5
 
19
 
2
 
29
 
2
 
39
 
4
 
10
 
5
 
20
 
2
 
30
 
5
 
40
 
5
 
제9회 변호사시험 선택형 최종정답
 
과목명 : 형사법 책형 : 3
 
 
문번
 
정답
 
문번
 
정답
 
문번
 
정답
 
문번
 
정답
 
1
 
3
 
11
 
1
 
21
 
4
 
31
 
2
 
2
 
2
 
12
 
1
 
22
 
1
 
32
 
2
 
3
 
1
 
13
 
4
 
23
 
4
 
33
 
5
 
4
 
3
 
14
 
5
 
24
 
2
 
34
 
정답없음
 
5
 
5
 
15
 
2
 
25
 
2
 
35
 
4
 
6
 
5
 
16
 
2
 
26
 
1
 
36
 
2
 
7
 
1
 
17
 
3
 
27
 
5
 
37
 
3
 
8
 
5
 
18
 
4
 
28
 
1
 
38
 
5
 
9
 
5
 
19
 
4
 
29
 
5
 
39
 
4
 
10
 
4
 
20
 
3
 
30
 
3
 
40
 
5