제3회 변호사시험 선택형 최종
정답
 
과목명 : 공법 책형 : 1
 
 
문번
 
정답
 
문번
 
정답
 
문번
 
정답
 
문번
 
정답
 
1
 
1
 
11
 
5
 
21
 
5
 
31
 
5
 
2
 
4
 
12
 
2
 
22
 
4
 
32
 
3
 
3
 
3
 
13
 
5
 
23
 
2
 
33
 
3
 
4
 
3
 
14
 
1
 
24
 
2
 
34
 
2
 
5
 
3
 
15
 
5
 
25
 
4
 
35
 
3
 
6
 
3
 
16
 
4
 
26
 
5
 
36
 
3
 
7
 
5
 
17
 
2
 
27
 
3
 
37
 
4
 
8
 
1
 
18
 
5
 
28
 
5
 
38
 
2
 
9
 
3
 
19
 
5
 
29
 
1
 
39
 
4
 
10
 
1
 
20
 
4
 
30
 
3
 
40
 
1
 
제3회 변호사시험 선택형 
최종정답
 
과목명 : 공법 책형 : 3
 
 
문번
 
정답
 
문번
 
정답
 
문번
 
정답
 
문번
 
정답
 
1
 
1
 
11
 
3
 
21
 
5
 
31
 
1
 
2
 
4
 
12
 
1
 
22
 
4
 
32
 
3
 
3
 
3
 
13
 
4
 
23
 
5
 
33
 
3
 
4
 
3
 
14
 
2
 
24
 
3
 
34
 
4
 
5
 
5
 
15
 
5
 
25
 
4
 
35
 
2
 
6
 
3
 
16
 
5
 
26
 
2
 
36
 
3
 
7
 
3
 
17
 
1
 
27
 
2
 
37
 
2
 
8
 
5
 
18
 
5
 
28
 
5
 
38
 
3
 
9
 
2
 
19
 
5
 
29
 
3
 
39
 
4
 
10
 
1
 
20
 
4
 
30
 
5
 
40
 
1
 
제3회 변호사시험 선택형 최종정답
 
과목명 : 민사법 책형 : 1
 
 
문번
 
정답
 
문번
 
정답
 
문번
 
정답
 
문번
 
정답
 
문번
 
정답
 
문번
 
정답
 
문번
 
정답
 
1
 
3
 
11
 
4
 
21
 
3
 
31
 
5
 
41
 
3
 
51
 
4
 
61
 
4
 
2
 
4
 
12
 
1
 
22
 
4
 
32
 
4
 
42
 
5
 
52
 
2
 
62
 
2
 
3
 
5
 
13
 
4
 
23
 
2
 
33
 
5
 
43
 
4
 
53
 
3
 
63
 
1
 
4
 
4
 
14
 
5
 
24
 
1
 
34
 
3
 
44
 
3
 
54
 
4
 
64
 
4
 
5
 
1
 
15
 
2
 
25
 
1
 
35
 
5
 
45
 
3
 
55
 
3
 
65
 
5
 
6
 
1
 
16
 
3
 
26
 
1
 
36
 
4
 
46
 
3
 
56
 
5
 
66
 
1
 
7
 
4
 
17
 
5
 
27
 
2
 
37
 
2
 
47
 
3
 
57
 
2
 
67
 
5
 
8
 
5
 
18
 
4
 
28
 
3
 
38
 
4
 
48
 
5
 
58
 
1
 
68
 
4
 
9
 
2
 
19
 
1
 
29
 
3
 
39
 
2
 
49
 
1
 
59
 
3
 
69
 
2
 
10
 
1
 
20
 
2
 
30
 
2
 
40
 
1
 
50
 
2
 
60
 
3
 
70
 
5
 
제3회 변호사시험 선택형 최종정답
 
과목명 : 민사법 책형 : 3
 
 
문번
 
정답
 
문번
 
정답
 
문번
 
정답
 
문번
 
정답
 
문번
 
정답
 
문번
 
정답
 
문번
 
정답
 
1
 
3
 
11
 
4
 
21
 
1
 
31
 
3
 
41
 
1
 
51
 
4
 
61
 
5
 
2
 
4
 
12
 
3
 
22
 
1
 
32
 
3
 
42
 
2
 
52
 
2
 
62
 
1
 
3
 
5
 
13
 
5
 
23
 
2
 
33
 
5
 
43
 
4
 
53
 
3
 
63
 
5
 
4
 
4
 
14
 
4
 
24
 
3
 
34
 
3
 
44
 
2
 
54
 
1
 
64
 
4
 
5
 
5
 
15
 
1
 
25
 
4
 
35
 
5
 
45
 
1
 
55
 
3
 
65
 
2
 
6
 
2
 
16
 
1
 
26
 
2
 
36
 
4
 
46
 
3
 
56
 
3
 
66
 
1
 
7
 
1
 
17
 
4
 
27
 
2
 
37
 
3
 
47
 
5
 
57
 
4
 
67
 
4
 
8
 
4
 
18
 
5
 
28
 
5
 
38
 
3
 
48
 
4
 
58
 
3
 
68
 
4
 
9
 
1
 
19
 
2
 
29
 
4
 
39
 
3
 
49
 
3
 
59
 
5
 
69
 
2
 
10
 
1
 
20
 
1
 
30
 
2
 
40
 
5
 
50
 
2
 
60
 
2
 
70
 
5
 
제3회 변호사시험 선택형 최종정답
 
과목명 : 형사법 책형 : 1
 
 
문번
 
정답
 
문번
 
정답
 
문번
 
정답
 
문번
 
정답
 
1
 
4
 
11
 
3
 
21
 
5
 
31
 
3
 
2
 
5
 
12
 
5
 
22
 
1
 
32
 
4
 
3
 
3
 
13
 
1
 
23
 
4
 
33
 
2
 
4
 
2
 
14
 
1
 
24
 
1
 
34
 
5
 
5
 
2
 
15
 
2
 
25
 
3
 
35
 
2
 
6
 
2
 
16
 
4
 
26
 
3
 
36
 
2
 
7
 
1
 
17
 
4
 
27
 
5
 
37
 
5
 
8
 
4
 
18
 
2
 
28
 
2
 
38
 
4
 
9
 
5
 
19
 
4
 
29
 
3
 
39
 
4
 
10
 
1
 
20
 
5
 
30
 
2
 
40
 
2
 
제3회 변호사시험 선택형 최종정답
 
과목명 : 형사법 책형 : 3
 
 
문번
 
정답
 
문번
 
정답
 
문번
 
정답
 
문번
 
정답
 
1
 
4
 
11
 
2
 
21
 
5
 
31
 
2
 
2
 
5
 
12
 
4
 
22
 
3
 
32
 
2
 
3
 
3
 
13
 
4
 
23
 
5
 
33
 
5
 
4
 
1
 
14
 
3
 
24
 
2
 
34
 
4
 
5
 
4
 
15
 
5
 
25
 
3
 
35
 
4
 
6
 
5
 
16
 
1
 
26
 
1
 
36
 
2
 
7
 
1
 
17
 
1
 
27
 
4
 
37
 
3
 
8
 
2
 
18
 
2
 
28
 
1
 
38
 
4
 
9
 
2
 
19
 
4
 
29
 
3
 
39
 
2
 
10
 
2
 
20
 
5
 
30
 
5
 
40
 
2